0.00 10.25 2.47 3.89 4.56 5.43 1.76 3.28 0.99 20.18
6.23 7.45 3.59 0.44 8.67 10.80 0.62 4.78 9.21 2.61
0.91 4.03 2.94 0.32 5.87 1.34 0.53 2.29 6.49 7.78
0.47 4.88 3.12 1.19 5.62 9.55 2.31 8.33 1.28 3.93
4.34 0.60 6.56 20.82 7.12 0.78 3.21 9.11 5.15 6.39
1.92 7.84 0.71 4.16 2.67 8.49 9.78 5.02 3.76 6.11
1.04 0.38 7.60 2.54 90.65 3.45 4.23 8.20 5.91 0.59
70.03 3.88 1.50 5.32 6.68 4.51 2.79 8.85 1.07 6.79
0.25 4.99 9.09 0.58 7.66 2.71 5.90 3.13 6.72 9.36
0.13 8.40 1.15 2.05 4.18 30.94 5.56 7.02 9.84 0.84
0.00 1.62 2.13 3.74 5.67 6.43 1.34 2.58 0.21 4.89
0.88 7.32 3.07 5.20 6.71 2.46 1.10 3.56 0.97 4.13
7.92 1.50 2.94 0.72 5.44 6.11 0.36 3.92 7.64 2.23
4.99 0.28 8.56 1.13 2.88 6.92 0.79 4.21 3.17 5.32
1.46 7.83 2.54 0.64 5.10 6.99 0.41 4.63 3.89 8.32
2.08 7.28 5.83 3.04 0.14 4.11 6.57 2.99 0.73 8.75
1.56 3.49 2.37 5.04 6.24 0.52 4.36 3.68 1.02 7.19
0.17 8.04 2.70 4.22 3.58 0.65 6.90 7.45 1.80 5.56
2.12 8.14 3.26 1.96 4.83 6.40 0.37 7.53 3.61 2.09
4.77 1.27 8.96 0.94 3.15 7.01 2.61 6.76 1.38 5.49

